Q9CQW9	Q01628	70.312	128	38	0	1	128	1	128	1.63e-64	192
Q9CQW9	Q01629	66.165	133	43	2	1	133	1	131	9.93e-61	182
Q9CQW9	C9JQL5	70.370	108	32	0	1	108	1	108	3.41e-54	166
Q9CQW9	P13164	75.000	96	24	0	24	119	3	98	1.16e-49	154
Q9CQW9	A6NNB3	48.052	77	25	2	32	108	26	87	2.17e-21	82.8
Q9CQW9	A6NMD0	43.902	82	45	1	43	123	138	219	4.09e-19	79.3
Q9CQW9	Q7Z6L0	32.353	68	45	1	56	123	267	333	1.54e-05	42.7
Q9CQW9	A0A1B0GWB2	27.632	76	50	2	56	129	188	260	0.015	33.9
Q9CQW9	Q9NWZ5	38.182	55	32	2	10	62	78	132	4.4	26.9
Q9CQW9	Q7Z5Y7	35.417	48	25	2	15	56	150	197	6.3	26.6
Q9CQW9	Q9NTZ6	36.364	44	16	1	2	45	144	175	6.5	26.6
Q9CQW9	Q969R2	40.000	30	18	0	71	100	713	742	7.1	26.6
Q9CQW9	Q9NZK5	40.541	37	20	1	43	79	187	221	7.2	26.2
Q9CQW9	Q68DK2	28.571	42	30	0	51	92	482	523	7.3	26.6
Q9CQW9	P41229	40.541	37	18	2	2	38	1416	1448	7.5	26.2
Q9CQW9	P56715	36.667	30	19	0	2	31	1473	1502	9.1	26.2
Q9CQW9	Q9P2N4	40.741	27	15	1	28	54	16	41	9.5	26.2
Q8R2G6	Q76M96	83.455	955	147	3	1	949	1	950	0.0	1502
Q8R2G6	O60687	34.646	127	73	2	136	262	329	445	1.69e-12	70.5
Q8R2G6	O60687	29.496	139	84	3	766	903	330	455	7.99e-12	68.6
Q8R2G6	O60687	24.342	152	100	1	609	760	329	465	2.09e-06	51.2
Q8R2G6	P78539	32.867	143	84	3	770	912	332	462	3.57e-11	66.2
Q8R2G6	P78539	27.632	152	95	1	609	760	327	463	6.51e-05	46.2
Q8R2G6	P78539	29.452	146	93	2	137	282	328	463	2.14e-04	44.7
Q8R2G6	Q9HC84	34.677	124	62	6	304	419	3476	3588	4.16e-04	44.3
Q8R2G6	Q9HC84	29.245	106	47	5	318	418	1690	1772	6.4	30.4
Q8R2G6	Q9HC84	24.793	121	85	3	315	431	2710	2828	9.5	30.0
Q8R2G6	Q6ZRI0	29.496	139	83	5	325	450	1739	1875	0.044	37.4
Q8R2G6	Q6ZRI0	25.342	146	88	6	322	463	1490	1618	0.27	35.0
Q8R2G6	Q6ZRI0	21.429	140	97	3	322	449	1641	1779	0.46	34.3
Q8R2G6	Q6ZRI0	25.000	156	96	8	337	488	1616	1754	3.7	31.2
Q8R2G6	Q15560	50.000	36	17	1	338	372	117	152	0.83	32.7
Q8R2G6	Q9NX46	30.000	60	41	1	217	276	210	268	1.4	32.3
Q8R2G6	P11047	29.412	68	46	1	515	580	1441	1508	1.4	32.7
Q8R2G6	P32418	32.143	84	50	2	487	568	658	736	1.7	32.3
Q8R2G6	Q7Z5P9	27.338	139	67	5	300	419	8036	8159	3.4	31.2
Q8R2G6	Q9BSV6	23.596	89	63	1	518	606	89	172	9.5	29.3
Q99KG5	Q86X29	79.966	594	102	7	13	594	61	649	0.0	822
Q99KG5	Q71H61	46.505	372	175	6	20	390	4	352	9.80e-81	266
Q99KG5	Q86SU0	33.693	371	183	9	16	380	7	320	7.11e-23	102
Q99KG5	Q86XK7	24.571	175	91	5	21	191	5	142	6.51e-05	45.4
Q99KG5	Q99795	36.207	58	31	2	134	186	82	138	0.001	41.2
Q99KG5	Q58EX2	40.000	40	23	1	186	224	1908	1947	0.12	35.4
Q99KG5	Q58EX2	28.125	128	72	5	67	194	487	594	1.4	32.0
Q99KG5	Q02297	23.585	106	73	3	95	199	41	139	0.20	34.3
Q99KG5	Q9HCD5	44.737	76	33	5	457	529	39	108	0.54	33.1
Q99KG5	P19320	42.857	42	21	1	144	185	270	308	0.63	32.7
Q99KG5	Q96RY7	28.767	73	45	2	309	374	197	269	1.3	32.0
Q99KG5	Q8WTZ4	24.779	113	71	4	301	399	55	167	2.3	30.4
Q99KG5	Q5VYJ5	29.412	68	40	3	289	356	97	156	2.5	30.8
Q99KG5	Q9HBW1	31.579	57	36	1	129	185	388	441	3.3	30.4
Q99KG5	Q9HCJ2	29.070	86	55	3	106	190	368	448	3.5	30.4
Q99KG5	Q92608	27.778	72	46	2	350	419	1617	1684	4.1	30.4
Q99KG5	Q7Z406	39.583	48	28	1	497	544	1596	1642	4.8	30.0
Q99KG5	P11532	23.077	117	84	2	475	590	3456	3567	4.9	30.0
Q99KG5	Q9NZN5	26.957	115	71	5	45	151	390	499	5.5	30.0
Q99KG5	Q9Y2E4	27.200	125	67	5	103	205	1336	1458	5.7	29.6
Q99KG5	Q05C16	30.435	46	29	1	275	317	189	234	6.5	29.6
Q99KG5	P98160	43.902	41	20	1	147	187	3347	3384	6.7	29.6
Q99KG5	Q9C093	21.893	169	112	5	259	419	976	1132	7.1	29.6
Q99KG5	Q9NT99	32.787	61	36	2	125	185	398	453	7.1	29.3
Q99KG5	Q96RA2	31.081	74	38	2	175	236	4	76	7.7	28.9
Q99KG5	Q9BYP7	30.986	71	40	2	505	566	6	76	8.0	29.3
Q99KG5	Q8NFZ8	26.829	82	48	3	150	229	276	347	9.1	28.9
Q99KG5	Q5SQ64	28.846	52	37	0	141	192	82	133	9.6	28.5
P54103	Q99543	94.203	621	36	0	1	621	1	621	0.0	1129
P54103	Q5F1R6	28.269	283	152	11	89	332	4	274	2.08e-14	75.9
P54103	Q96KC8	55.172	58	26	0	553	610	496	553	3.17e-13	72.4
P54103	Q96KC8	38.000	50	30	1	554	603	330	378	0.043	36.6
P54103	Q96KC8	24.138	174	95	5	415	570	305	459	0.42	33.5
P54103	Q96KC8	26.829	82	48	3	88	169	65	134	2.4	30.8
P54103	Q8WW22	37.838	74	35	2	85	158	3	65	3.23e-06	49.7
P54103	P31689	39.189	74	34	2	85	158	3	65	7.16e-06	48.5
P54103	Q9UBS3	25.000	188	95	7	89	274	27	170	8.79e-06	47.0
P54103	Q9NVH1	31.765	85	51	3	75	158	1	79	1.24e-05	48.1
P54103	P59910	38.356	73	36	3	86	158	2	65	1.42e-05	47.0
P54103	P25685	39.726	73	35	3	86	158	2	65	2.96e-05	46.2
P54103	O75953	39.726	73	35	3	86	158	2	65	8.46e-05	45.1
P54103	Q99615	32.099	81	52	1	79	159	372	449	1.07e-04	45.1
P54103	Q4G0P3	26.316	152	108	4	284	434	2274	2422	2.12e-04	44.3
P54103	Q4G0P3	20.930	129	97	1	225	353	2258	2381	0.019	38.1
P54103	Q4G0P3	29.592	98	52	2	273	354	2272	2368	0.28	34.3
P54103	Q4G0P3	24.260	169	107	7	219	375	2262	2421	1.8	31.6
P54103	Q9UDY4	37.333	75	34	3	86	158	2	65	2.12e-04	43.5
P54103	Q8TBM8	36.486	74	38	2	85	158	105	169	3.63e-04	43.1
P54103	Q9NXW2	34.722	72	38	2	87	158	109	171	3.67e-04	42.7
P54103	Q8IXB1	39.726	73	36	3	86	158	33	97	3.70e-04	43.5
P54103	Q9Y2G8	40.476	84	38	4	75	158	19	90	6.16e-04	42.7
P54103	Q9H819	33.784	74	40	2	85	158	79	143	7.93e-04	42.0
P54103	Q96LL9	36.232	69	36	2	90	158	51	111	0.002	40.0
P54103	Q96EY1	35.616	73	39	3	87	159	92	156	0.002	40.8
P54103	O60884	34.783	69	34	2	90	158	10	67	0.002	40.4
P54103	Q8IYH5	41.791	67	30	3	548	605	643	709	0.002	40.8
P54103	Q8NHS0	35.211	71	39	2	88	158	3	66	0.005	38.9
P54103	O75190	38.028	71	37	2	88	158	3	66	0.015	37.7
P54103	Q9H3Z4	34.783	69	37	2	90	158	17	77	0.015	37.0
P54103	Q9UF47	34.722	72	33	3	90	158	21	81	0.018	36.6
P54103	Q6P0N0	29.213	89	61	2	511	598	837	924	0.026	37.4
P54103	Q9NVM6	29.114	79	48	2	82	160	5	75	0.027	37.0
P54103	Q6NSI8	43.182	44	20	3	559	599	17	58	0.050	36.6
P54103	Q8WXX5	26.180	233	122	11	84	310	11	199	0.071	35.4
P54103	Q8WWF6	36.620	71	38	2	88	158	3	66	0.072	34.3
P54103	Q9UBS4	31.081	74	43	2	86	159	23	88	0.074	35.4
P54103	Q7Z6W7	38.028	71	37	3	88	158	3	66	0.10	35.0
P54103	O75116	31.447	159	80	7	286	442	459	590	0.13	35.0
P54103	Q9UGP8	33.333	69	34	2	82	150	98	154	0.18	34.7
P54103	P10243	36.364	44	25	1	553	596	89	129	0.47	33.1
P54103	P10242	36.364	44	25	1	553	596	94	134	0.53	33.1
P54103	P10242	40.476	42	21	1	547	588	140	177	1.7	31.6
P54103	P10242	31.746	63	30	3	549	605	38	93	4.6	30.0
P54103	Q99459	34.375	64	32	3	547	610	56	109	0.99	32.3
P54103	Q9H1X3	25.610	82	49	3	86	160	47	123	1.5	31.6
P54103	O14976	22.642	106	67	4	36	132	1187	1286	2.2	31.2
P54103	Q8N960	30.597	134	68	5	308	441	856	964	2.3	31.2
P54103	Q15149	28.824	170	95	5	279	442	1486	1635	2.3	31.2
P54103	Q9UKA1	35.714	84	42	3	294	365	93	176	2.8	30.8
P54103	Q5SXM2	41.860	43	22	1	554	596	404	443	2.9	30.8
P54103	Q9C0B2	27.451	153	80	7	231	368	265	401	3.0	30.8
P54103	O75061	22.642	106	67	4	36	132	789	888	3.0	30.8
P54103	Q5VVJ2	38.095	42	22	1	547	588	114	151	3.9	30.4
P54103	Q92759	25.641	78	54	1	449	522	124	201	4.6	30.0
P54103	P25686	31.461	89	51	3	89	174	4	85	5.1	29.6
P54103	A6QL63	31.169	77	42	3	547	621	92	159	8.0	29.3
Q8CJ12	Q8IZP9	80.686	1020	183	6	1	1009	1	1017	0.0	1602
Q8CJ12	Q86SQ4	51.976	506	228	8	416	911	654	1154	2.32e-167	523
Q8CJ12	Q8IZF6	49.320	515	240	9	392	900	2516	3015	6.07e-157	514
Q8CJ12	Q86Y34	35.566	433	246	12	449	867	104	517	8.42e-70	242
Q8CJ12	Q9Y653	30.942	446	285	10	446	879	232	666	4.10e-60	218
Q8CJ12	Q8IZF4	34.656	378	234	8	506	875	135	507	1.87e-57	207
Q8CJ12	O95490	32.021	381	222	13	525	891	751	1108	9.22e-48	186
Q8CJ12	Q9BY15	32.161	398	232	12	498	886	245	613	3.94e-46	176
Q8CJ12	Q9HAR2	30.524	439	270	13	463	890	710	1124	5.00e-46	180
Q8CJ12	Q9UHX3	29.443	557	341	22	351	885	266	792	1.40e-44	173
Q8CJ12	O94910	29.973	377	236	11	521	888	761	1118	1.03e-41	166
Q8CJ12	Q9NYQ6	30.702	342	206	11	562	897	2411	2727	5.41e-39	158
Q8CJ12	Q6QNK2	29.014	355	220	9	544	884	483	819	9.02e-39	155
Q8CJ12	Q96K78	25.102	490	306	14	432	871	242	720	1.68e-36	148
Q8CJ12	P48960	25.779	578	350	18	351	887	263	802	2.24e-36	148
Q8CJ12	Q8IZF2	28.675	415	249	15	479	872	879	1267	1.34e-35	146
Q8CJ12	Q9HCU4	26.641	518	296	21	421	890	2145	2626	2.71e-35	146
Q8CJ12	Q86SQ3	30.986	355	201	14	543	879	115	443	1.32e-34	138
Q8CJ12	Q9HBW9	31.944	360	212	12	544	892	353	690	4.17e-34	140
Q8CJ12	Q14246	26.150	413	275	11	496	901	484	873	2.77e-32	135
Q8CJ12	O60242	25.778	450	270	14	475	883	733	1159	4.44e-29	125
Q8CJ12	Q9NYQ7	27.019	322	215	7	562	882	2480	2782	1.44e-28	124
Q8CJ12	Q8IZF5	25.588	340	231	9	557	887	710	1036	3.42e-27	119
Q8CJ12	O60241	27.166	427	237	15	527	906	836	1235	1.29e-26	117
Q8CJ12	Q7Z7M1	23.939	330	205	9	574	884	612	914	4.75e-24	108
Q8CJ12	O14514	27.660	376	219	13	527	879	847	1192	1.01e-22	105
Q8CJ12	Q8IZF3	24.131	489	305	22	447	908	240	689	1.06e-22	103
Q8CJ12	Q8IWK6	22.440	664	388	24	371	935	471	1106	9.42e-21	98.6
Q8CJ12	Q8WXG9	25.275	364	233	14	522	871	5814	6152	1.47e-17	88.6
Q8CJ12	Q5T601	27.434	339	201	16	562	880	534	847	5.45e-17	85.9
Q8CJ12	Q96PE1	22.014	427	240	14	527	883	678	1081	6.55e-17	85.9
Q8CJ12	Q8IZF7	24.274	379	241	16	502	863	340	689	2.27e-16	83.6
Q8CJ12	Q86SQ6	24.609	256	125	10	685	888	82	321	1.41e-11	68.2
Q8CJ12	P41586	24.912	285	164	14	626	885	159	418	3.29e-11	66.6
Q8CJ12	P32241	25.899	278	169	10	626	885	148	406	1.43e-10	64.3
Q8CJ12	Q03431	21.596	213	138	5	686	885	281	477	1.64e-10	64.7
Q8CJ12	P34998	25.581	215	128	9	684	885	215	410	1.88e-10	63.9
Q8CJ12	P47872	23.973	292	179	13	615	885	137	406	8.55e-10	62.0
Q8CJ12	Q13324	24.286	280	174	12	623	885	119	377	2.21e-09	60.5
Q8CJ12	P30988	21.136	317	196	12	619	905	165	457	2.80e-07	53.9
Q8CJ12	P43220	23.596	356	211	19	611	932	135	463	3.62e-07	53.5
Q8CJ12	P49190	23.333	330	200	14	687	999	238	531	3.72e-06	50.4
Q8CJ12	P41587	22.705	207	134	8	686	883	202	391	8.87e-06	48.9
Q8CJ12	Q16602	22.615	283	185	11	618	885	139	402	5.78e-05	46.6
Q8CJ12	P48546	25.172	290	161	16	671	927	200	466	0.002	42.0
Q8CJ12	Q9NPG1	23.611	216	125	9	620	808	199	401	0.004	40.8
Q8CJ12	O95838	22.749	211	138	8	686	886	260	455	0.015	38.9
Q8CJ12	P47871	22.330	206	131	9	686	881	224	410	0.054	37.0
Q8CJ12	Q7Z442	29.412	85	44	3	519	602	1250	1319	0.10	36.6
Q8CJ12	Q13467	25.333	225	135	9	630	834	245	456	0.17	35.4
Q8CJ12	P22105	26.389	144	71	5	312	420	1341	1484	0.24	35.4
Q8CJ12	Q8NET8	20.787	178	121	6	663	827	530	700	0.42	34.3
Q8CJ12	O14686	32.456	114	59	8	270	377	973	1074	0.42	34.3
Q8CJ12	O14686	29.762	84	54	4	293	371	2900	2983	1.4	32.7
Q8CJ12	Q02643	19.928	276	183	11	623	881	132	386	0.86	33.1
Q8CJ12	Q14839	30.851	94	50	4	280	368	1542	1625	0.89	33.5
Q8CJ12	Q96JG9	20.455	264	192	6	218	479	2165	2412	1.2	33.1
Q8CJ12	Q9UKN7	28.571	119	52	6	238	354	2476	2563	1.3	32.7
Q8CJ12	Q8NFT8	34.615	52	28	3	778	827	639	686	1.3	32.7
Q8CJ12	P98172	34.921	63	35	4	766	828	230	286	1.3	32.3
Q8CJ12	Q6ZV77	33.000	100	56	5	241	330	10	108	1.4	31.6
Q8CJ12	Q8N5M1	37.037	54	28	2	219	266	145	198	1.5	32.0
Q8CJ12	O00144	23.077	221	128	9	628	824	242	444	1.7	32.3
Q8CJ12	Q8IUE1	25.000	84	61	1	290	371	133	216	1.8	31.6
Q8CJ12	B4DS77	26.582	79	43	3	581	650	108	180	1.8	32.0
Q8CJ12	Q8TDQ1	30.667	75	39	2	294	355	216	290	2.6	31.2
Q8CJ12	O95196	42.857	42	22	1	272	313	132	171	3.9	31.2
Q8CJ12	Q7Z443	34.884	43	23	2	561	602	634	672	4.4	31.2
Q8CJ12	Q9Y342	24.074	54	41	0	695	748	60	113	6.9	29.3
Q8CJ12	Q5UAW9	22.667	75	50	2	700	773	93	160	7.4	30.0
Q8CJ12	Q9Y4G2	27.358	106	47	4	283	375	323	411	8.1	30.0
Q8CJ12	O75956	33.333	30	20	0	328	357	6	35	9.4	28.5
Q01815	Q13936	91.408	2223	105	6	1	2139	1	2221	0.0	4163
Q01815	Q01668	66.971	2192	595	33	27	2139	20	2161	0.0	2634
Q01815	Q13698	69.103	1683	459	19	77	1743	4	1641	0.0	2311
Q01815	Q13698	29.012	162	101	5	1943	2092	1682	1841	4.94e-05	48.5
Q01815	O60840	67.899	1704	430	20	16	1672	5	1638	0.0	2217
Q01815	O60840	31.022	274	130	9	1856	2120	1754	1977	1.99e-19	95.9
Q01815	Q00975	47.380	897	408	14	796	1668	1051	1907	0.0	776
Q01815	Q00975	49.233	717	315	12	89	792	63	743	0.0	624
Q01815	Q00975	30.793	328	177	9	64	375	1084	1377	9.63e-34	143
Q01815	Q00975	27.636	275	164	6	1215	1485	478	721	1.41e-28	126
Q01815	Q00975	29.091	330	206	10	879	1196	74	387	2.05e-28	125
Q01815	Q00975	21.547	724	430	22	526	1193	97	738	1.02e-27	123
Q01815	Q00975	25.279	269	191	5	497	756	1444	1711	7.41e-23	107
Q01815	Q00975	28.175	252	138	7	514	726	1140	1387	3.34e-16	85.5
Q01815	Q00975	22.327	318	176	8	107	408	1449	1711	1.57e-14	79.7
Q01815	Q00975	21.927	301	155	7	1221	1479	97	359	4.42e-13	75.1
Q01815	O00555	48.597	784	363	7	873	1639	1216	1976	0.0	747
Q01815	O00555	51.719	669	295	9	102	763	76	723	0.0	645
Q01815	O00555	22.411	705	424	20	510	1166	84	713	2.17e-32	138
Q01815	O00555	30.935	278	165	8	100	375	1219	1471	6.30e-29	127
Q01815	O00555	28.829	333	204	10	879	1196	77	391	3.39e-28	124
Q01815	O00555	26.531	294	174	6	1195	1485	471	725	9.51e-25	113
Q01815	O00555	26.241	282	179	8	493	756	1543	1813	3.64e-18	92.0
Q01815	O00555	26.800	250	145	7	514	726	1233	1481	1.33e-15	83.6
Q01815	O00555	22.981	322	177	9	107	408	1543	1813	3.80e-14	78.6
Q01815	O00555	23.179	302	151	9	1221	1479	100	363	1.82e-13	76.3
Q01815	Q15878	48.096	788	378	8	878	1652	1131	1900	0.0	728
Q01815	Q15878	46.684	754	367	14	60	803	25	753	0.0	609
Q01815	Q15878	25.284	704	373	19	879	1485	68	715	1.89e-48	191
Q01815	Q15878	32.258	279	157	9	97	369	1126	1378	3.72e-28	124
Q01815	Q15878	20.772	751	447	20	510	1199	75	738	1.19e-25	116
Q01815	Q15878	26.510	298	195	7	482	756	1430	1726	4.42e-23	108
Q01815	Q15878	24.834	302	153	8	126	408	1480	1726	3.11e-17	89.0
Q01815	Q15878	26.596	188	102	3	565	716	1195	1382	1.27e-10	67.0
Q01815	Q01118	25.609	1601	908	57	103	1550	96	1566	5.58e-108	382
Q01815	Q01118	23.684	646	354	17	877	1426	95	697	1.02e-35	149
Q01815	Q01118	22.775	382	226	14	74	439	1206	1534	3.36e-06	52.4
Q01815	Q15858	32.332	699	425	20	890	1570	1182	1850	6.90e-94	339
Q01815	Q15858	24.613	711	405	20	113	788	1181	1795	7.38e-43	172
Q01815	Q15858	29.577	355	200	9	103	435	105	431	1.08e-38	159
Q01815	Q15858	31.907	257	152	7	492	741	716	956	5.95e-26	117
Q01815	Q15858	31.696	224	120	5	1212	1426	737	936	7.70e-25	113
Q01815	Q15858	25.948	343	197	10	879	1186	105	425	6.03e-21	100
Q01815	Q15858	24.540	326	204	9	509	795	1179	1501	7.25e-21	100
Q01815	Q15858	25.852	352	215	11	79	426	1475	1784	4.23e-16	85.1
Q01815	Q15858	28.495	186	107	7	115	298	734	895	3.32e-11	68.9
Q01815	Q15858	27.568	185	118	5	888	1072	732	900	3.96e-11	68.6
Q01815	Q15858	26.357	129	71	2	1258	1382	159	267	1.57e-07	56.6
Q01815	Q15858	22.222	198	134	6	514	707	116	297	4.17e-05	48.9
Q01815	Q15858	25.000	88	57	3	687	774	342	420	0.023	39.7
Q01815	Q15858	24.444	90	44	3	1391	1475	331	401	9.8	31.2
Q01815	Q9NY46	31.207	721	434	21	890	1582	1196	1882	3.24e-92	334
Q01815	Q9NY46	28.533	375	198	9	103	435	107	453	2.06e-38	158
Q01815	Q9NY46	32.424	330	176	11	113	428	1195	1491	7.46e-37	153
Q01815	Q9NY46	33.645	214	125	4	534	741	770	972	1.15e-24	113
Q01815	Q9NY46	31.674	221	118	5	1215	1426	756	952	1.31e-23	109
Q01815	Q9NY46	25.387	323	202	8	509	795	1193	1512	5.06e-23	107
Q01815	Q9NY46	23.434	431	253	12	822	1195	43	453	6.53e-20	97.4
Q01815	Q9NY46	25.260	289	190	7	521	788	1523	1806	2.53e-16	85.9
Q01815	Q9NY46	24.789	355	215	12	79	426	1486	1795	2.26e-14	79.3
Q01815	Q9NY46	29.412	187	104	8	115	298	750	911	2.52e-11	69.3
Q01815	Q9NY46	29.814	161	105	4	896	1056	756	908	3.68e-11	68.6
Q01815	Q9NY46	27.132	129	70	2	1258	1382	161	269	4.64e-08	58.5
Q01815	Q9NY46	25.564	133	85	3	547	675	149	271	1.22e-04	47.4
Q01815	Q9NY46	26.136	88	56	3	687	774	364	442	0.021	39.7
Q01815	Q99250	28.523	894	549	27	795	1649	1108	1950	1.84e-91	332
Q01815	Q99250	28.267	375	199	9	103	435	108	454	1.37e-37	155
Q01815	Q99250	32.326	331	178	9	113	428	1197	1496	2.50e-37	154
Q01815	Q99250	33.488	215	124	5	534	741	769	971	7.53e-25	114
Q01815	Q99250	24.694	409	244	12	445	795	1115	1517	3.06e-23	108
Q01815	Q99250	30.734	218	124	4	1215	1426	755	951	1.54e-22	106
Q01815	Q99250	30.688	189	120	3	868	1055	96	274	2.38e-17	89.0
Q01815	Q99250	25.517	290	188	9	521	788	1528	1811	1.56e-15	83.2
Q01815	Q99250	24.000	375	193	14	79	426	1491	1800	9.30e-14	77.4
Q01815	Q99250	30.108	186	104	7	115	298	749	910	4.42e-12	71.6
Q01815	Q99250	31.098	164	99	5	896	1056	755	907	1.67e-10	66.6
Q01815	Q99250	26.357	129	71	2	1258	1382	162	270	2.07e-07	56.2
Q01815	Q99250	25.564	133	85	3	547	675	150	272	1.31e-04	47.0
Q01815	Q99250	26.136	88	56	3	687	774	365	443	0.020	40.0
Q01815	Q14524	31.674	723	434	21	888	1582	1193	1883	1.76e-90	328
Q01815	Q14524	27.809	356	204	7	103	431	110	439	8.95e-38	156
Q01815	Q14524	32.424	330	179	12	113	428	1194	1493	1.18e-36	152
Q01815	Q14524	26.714	423	264	12	454	859	651	1044	1.37e-24	112
Q01815	Q14524	31.944	216	122	4	1215	1426	713	907	4.81e-24	111
Q01815	Q14524	25.648	347	199	11	878	1187	109	433	6.01e-23	107
Q01815	Q14524	24.316	329	204	7	505	794	1191	1513	4.31e-22	104
Q01815	Q14524	25.000	288	191	6	521	788	1525	1807	6.18e-17	87.8
Q01815	Q14524	25.256	293	154	10	79	369	1488	1717	2.51e-14	79.3
Q01815	Q14524	29.936	157	101	5	902	1057	718	866	2.15e-10	66.2
Q01815	Q14524	25.926	189	110	6	106	290	699	861	5.86e-10	64.7
Q01815	Q14524	27.381	168	101	6	518	677	122	276	4.45e-07	55.5
Q01815	Q14524	26.357	129	71	2	1258	1382	164	272	5.93e-07	54.7
Q01815	Q14524	19.512	123	90	2	687	809	353	466	0.003	42.7
Q01815	Q9UQD0	31.049	715	449	19	890	1588	1188	1874	6.05e-90	327
Q01815	Q9UQD0	24.788	706	410	21	113	788	1187	1801	1.77e-44	178
Q01815	Q9UQD0	28.729	362	198	8	103	439	111	437	1.92e-37	155
Q01815	Q9UQD0	33.178	214	126	4	534	741	763	965	3.74e-24	111
Q01815	Q9UQD0	29.020	255	152	4	1181	1426	711	945	3.86e-23	108
Q01815	Q9UQD0	24.611	321	201	7	514	794	1188	1507	1.09e-20	100
Q01815	Q9UQD0	24.146	439	256	14	793	1181	15	426	4.03e-20	98.2
Q01815	Q9UQD0	22.388	402	210	14	79	448	1482	1813	8.78e-16	84.0
Q01815	Q9UQD0	29.193	161	106	4	896	1056	749	901	6.03e-11	68.2
Q01815	Q9UQD0	24.348	230	118	8	165	393	791	965	1.91e-10	66.2
Q01815	Q9UQD0	29.457	129	67	3	1258	1382	165	273	6.54e-08	58.2
Q01815	Q9UQD0	19.512	328	172	10	518	774	123	429	2.83e-05	49.3
Q01815	P35498	30.791	721	440	20	890	1582	1208	1897	9.37e-90	326
Q01815	P35498	32.326	331	178	9	113	428	1207	1506	4.07e-37	154
Q01815	P35498	28.877	374	197	9	103	435	107	452	8.06e-37	153
Q01815	P35498	33.953	215	123	5	534	741	778	980	8.92e-25	113
Q01815	P35498	28.627	255	153	4	1181	1426	726	960	9.37e-23	107
Q01815	P35498	25.460	326	201	8	509	795	1205	1527	2.39e-22	105
Q01815	P35498	22.049	449	272	11	804	1195	25	452	1.02e-18	93.6
Q01815	P35498	24.832	298	180	7	521	788	1538	1821	4.57e-16	84.7
Q01815	P35498	23.733	375	194	12	79	426	1501	1810	8.12e-15	80.9
Q01815	P35498	24.382	283	150	12	115	393	758	980	1.81e-12	73.2
Q01815	P35498	29.000	200	122	8	878	1070	742	928	2.48e-11	69.3
Q01815	P35498	27.132	129	70	2	1258	1382	161	269	1.17e-07	57.4
Q01815	P35498	23.762	202	122	6	547	730	149	336	3.96e-06	52.0
Q01815	P35498	26.136	88	56	3	687	774	363	441	0.017	40.0
Q01815	Q9Y5Y9	30.651	783	467	19	890	1643	1142	1877	9.81e-87	316
Q01815	Q9Y5Y9	28.804	368	208	9	78	428	87	417	2.89e-38	157
Q01815	Q9Y5Y9	29.003	331	190	8	113	428	1141	1441	1.87e-32	138
Q01815	Q9Y5Y9	26.875	320	163	8	1215	1525	661	918	5.80e-25	114
Q01815	Q9Y5Y9	29.457	258	163	6	530	780	671	916	6.05e-25	114
Q01815	Q9Y5Y9	22.323	439	278	10	780	1188	14	419	1.09e-21	103
Q01815	Q9Y5Y9	23.964	338	209	8	498	794	1131	1461	7.53e-21	100
Q01815	Q9Y5Y9	24.658	292	159	7	79	369	1436	1667	2.56e-16	85.9
Q01815	Q9Y5Y9	29.048	210	135	5	521	722	1473	1676	8.63e-15	80.9
Q01815	Q9Y5Y9	23.692	325	182	11	101	415	632	900	4.22e-12	72.0
Q01815	Q9Y5Y9	20.942	382	222	9	518	840	121	481	7.62e-11	67.8
Q01815	Q9Y5Y9	25.641	156	109	3	896	1051	661	809	3.01e-09	62.4
Q01815	Q9Y5Y9	22.174	230	132	6	1185	1401	96	291	1.21e-08	60.5
Q01815	P35499	30.471	722	438	21	889	1584	1020	1703	6.85e-85	310
Q01815	P35499	28.285	449	273	14	319	741	365	790	7.99e-37	153
Q01815	P35499	31.405	363	199	13	113	459	1020	1348	3.01e-35	147
Q01815	P35499	25.201	373	243	10	687	1056	387	726	3.60e-23	108
Q01815	P35499	30.876	217	125	3	1215	1426	574	770	4.76e-23	107
Q01815	P35499	24.928	349	215	10	487	794	996	1338	2.36e-22	105
Q01815	P35499	29.082	196	114	3	103	298	110	280	8.48e-22	103
Q01815	P35499	27.684	177	118	2	879	1055	110	276	1.75e-15	82.8
Q01815	P35499	25.134	374	230	11	521	857	1350	1710	1.36e-14	80.1
Q01815	P35499	30.481	187	102	8	115	298	568	729	1.80e-11	69.7
Q01815	P35499	24.088	274	162	9	79	345	1313	1547	2.22e-09	62.8
Q01815	P35499	25.309	162	93	4	1225	1382	135	272	6.53e-07	54.7
Q01815	P35499	25.185	135	87	3	547	677	152	276	0.001	44.3
Q01815	P35499	25.974	77	47	2	1098	1174	389	455	2.3	33.1
Q01815	Q9P0X4	31.611	658	387	15	846	1480	1117	1734	2.98e-81	298
Q01815	Q9P0X4	29.777	403	202	10	101	449	56	431	3.39e-35	147
Q01815	Q9P0X4	33.449	287	168	5	511	785	627	902	1.08e-34	146
Q01815	Q9P0X4	30.818	318	172	7	110	413	1156	1439	1.06e-28	126
Q01815	Q9P0X4	28.077	260	171	4	529	774	1492	1749	3.62e-25	114
Q01815	Q9P0X4	25.472	318	196	9	890	1198	1477	1762	1.38e-21	103
Q01815	Q9P0X4	27.485	342	179	10	105	439	621	900	6.38e-20	97.8
Q01815	Q9P0X4	29.787	282	159	8	510	756	1157	1434	8.93e-20	97.1
Q01815	Q9P0X4	26.103	272	160	5	1211	1479	632	865	5.01e-19	94.7
Q01815	Q9P0X4	23.588	301	172	10	126	416	1489	1741	1.60e-14	79.7
Q01815	Q9P0X4	23.102	303	189	6	890	1192	630	888	3.34e-14	79.0
Q01815	Q9P0X4	31.217	189	123	4	872	1055	49	235	1.71e-12	73.2
Q01815	Q9P0X4	34.066	91	49	3	1097	1187	339	418	1.14e-08	60.5
Q01815	Q9P0X4	28.022	182	104	5	1215	1388	75	237	1.07e-05	50.8
Q01815	Q9P0X4	36.697	109	62	2	570	675	129	233	6.69e-05	48.1
Q01815	Q9P0X4	27.778	90	51	3	689	775	340	418	0.001	43.9
Q01815	Q9UI33	28.163	909	546	29	768	1641	921	1757	1.83e-80	295
Q01815	Q9UI33	27.988	343	209	9	111	438	116	435	9.17e-32	136
Q01815	Q9UI33	28.923	325	184	8	113	428	1045	1331	1.43e-30	132
Q01815	Q9UI33	28.289	304	164	7	1215	1499	573	841	8.36e-26	117
Q01815	Q9UI33	28.197	305	194	6	489	780	546	838	9.95e-25	113
Q01815	Q9UI33	25.588	340	212	9	879	1195	108	429	1.66e-21	102
Q01815	Q9UI33	29.310	232	149	6	540	759	1382	1610	1.74e-19	96.3
Q01815	Q9UI33	21.484	647	371	23	518	1063	124	734	2.98e-19	95.5
Q01815	Q9UI33	24.062	320	198	9	509	794	1043	1351	4.17e-19	94.7
Q01815	Q9UI33	25.087	287	150	8	154	426	1393	1628	3.04e-14	79.0
Q01815	Q9UI33	21.498	414	252	13	24	431	491	837	3.29e-13	75.5
Q01815	Q9UI33	20.863	278	128	8	1252	1475	160	399	3.79e-05	48.9
Q01815	O43497	30.745	644	357	14	881	1480	1257	1855	4.22e-77	285
Q01815	O43497	32.198	323	195	8	446	760	665	971	3.18e-37	154
Q01815	O43497	28.809	361	192	9	114	425	71	415	1.74e-29	129
Q01815	O43497	26.217	267	157	5	1215	1479	739	967	5.40e-27	120
Q01815	O43497	29.085	306	147	11	120	418	739	981	5.17e-24	111
Q01815	O43497	26.966	267	181	5	505	759	1593	1857	1.32e-22	106
Q01815	O43497	25.131	382	209	11	868	1187	47	413	3.81e-21	101
Q01815	O43497	22.296	453	279	13	763	1197	595	992	1.72e-18	92.8
Q01815	O43497	26.087	184	105	4	1215	1388	77	239	4.24e-05	48.9
Q01815	O43497	34.862	109	64	2	570	675	131	235	1.41e-04	47.0
Q01815	O43497	27.273	88	53	2	689	776	337	413	3.26e-04	45.8
Q01815	O95180	30.929	624	353	14	876	1465	1270	1849	1.12e-76	284
Q01815	O95180	33.226	310	179	7	483	776	750	1047	6.49e-38	156
Q01815	O95180	28.760	379	195	9	104	428	80	437	1.02e-33	143
Q01815	O95180	32.087	321	178	9	103	413	1273	1563	5.02e-31	134
Q01815	O95180	28.804	368	175	12	78	431	758	1052	3.09e-27	121
Q01815	O95180	26.838	272	158	6	1211	1479	785	1018	3.69e-27	121
Q01815	O95180	23.214	392	254	8	514	885	1607	1971	8.00e-23	107
Q01815	O95180	28.440	327	182	11	477	756	1237	1558	2.07e-22	105
Q01815	O95180	24.684	316	186	8	889	1200	782	1049	5.12e-19	94.7
Q01815	O95180	25.000	320	199	9	873	1183	1590	1877	3.02e-18	92.0
Q01815	O95180	30.736	231	147	6	835	1055	29	256	6.60e-17	87.8
Q01815	O95180	23.232	297	164	11	111	394	1604	1849	8.81e-12	70.9
Q01815	O95180	33.333	96	51	3	1092	1187	355	437	4.28e-09	62.0
Q01815	O95180	25.871	201	109	6	1215	1399	96	272	1.13e-06	53.9
Q01815	O95180	34.862	109	64	2	570	675	150	254	1.72e-05	50.1
Q01815	O95180	26.168	107	66	2	689	795	361	454	1.94e-04	46.6
Q01815	O95180	25.000	100	56	1	1380	1479	342	422	2.8	32.7
Q01815	Q8IZF0	27.417	631	399	19	905	1512	891	1485	3.31e-56	216
Q01815	Q8IZF0	22.326	645	382	19	162	778	74	627	1.14e-24	113
Q01815	Q8IZF0	26.050	357	202	12	118	455	885	1198	1.21e-21	103
Q01815	Q8IZF0	21.267	663	412	21	867	1480	2	603	1.44e-19	96.3
Q01815	Q8IZF0	23.902	205	139	4	566	757	1251	1451	1.02e-12	73.9
Q01815	Q8IZF0	24.645	211	104	6	616	780	985	1186	6.13e-06	51.6
Q01815	Q8IZF0	23.723	274	142	8	544	758	62	327	2.40e-04	46.2
Q01815	Q8IZF0	19.333	300	166	7	126	409	1212	1451	7.86e-04	44.7
Q01815	Q8NEC5	25.806	217	130	5	514	714	437	638	2.37e-13	75.5
Q01815	Q8NEC5	24.324	222	128	7	1215	1423	443	637	2.53e-09	62.4
Q01815	Q8NEC5	23.827	277	180	9	32	290	342	605	2.71e-07	55.8
Q01815	Q8NEC5	23.729	177	116	5	889	1052	436	606	2.49e-05	49.3
Q01815	Q8NHX9	22.510	733	421	29	495	1174	64	702	7.24e-12	70.5
Q01815	Q8NHX9	18.197	588	302	18	997	1479	184	697	1.45e-07	56.6
Q01815	Q8NHX9	23.762	303	189	10	132	424	440	710	1.03e-05	50.4
Q01815	Q96P56	24.398	332	226	9	530	849	114	432	1.71e-10	65.9
Q01815	Q96P56	18.403	288	179	5	1214	1485	103	350	5.09e-07	54.7
Q01815	Q96P56	19.588	388	217	13	56	422	48	361	1.99e-04	46.2
Q01815	Q96P56	19.097	288	164	9	901	1170	109	345	7.10e-04	44.3
Q01815	Q9ULQ1	21.687	332	215	9	120	444	437	730	1.76e-09	62.8
Q01815	Q9ULQ1	20.275	291	169	7	1215	1479	437	690	1.91e-08	59.3
Q01815	Q9ULQ1	21.241	532	353	17	381	860	294	811	1.79e-06	53.1
Q01815	Q9ULQ1	20.082	244	168	8	939	1179	481	700	5.78e-05	48.1
Q01815	Q9ULQ1	23.469	98	62	2	1098	1195	263	347	0.39	35.4
Q01815	Q9ULQ1	25.481	208	134	6	555	760	139	327	0.68	34.7
Q01815	Q7RTX7	24.194	248	151	9	536	773	104	324	6.71e-09	60.5
Q01815	Q7RTX7	24.434	221	111	8	964	1176	151	323	1.24e-07	56.2
Q01815	Q7RTX7	22.705	207	118	5	1278	1484	151	315	1.56e-07	55.8
Q01815	Q7RTX7	22.744	277	143	9	155	424	113	325	2.26e-07	55.5
Q01815	Q14721	22.172	221	147	7	1218	1431	195	397	1.02e-07	57.0
Q01815	Q14721	21.591	176	111	4	897	1056	186	350	0.13	37.0
Q01815	Q86XQ3	23.708	329	174	11	113	431	43	304	1.10e-07	56.2
Q01815	Q86XQ3	20.259	232	134	5	940	1167	85	269	8.40e-06	50.1
Q01815	Q86XQ3	21.591	264	164	8	1215	1476	46	268	1.83e-05	49.3
Q01815	Q86XQ3	22.591	301	204	7	506	804	32	305	6.20e-05	47.4
Q01815	Q92953	26.496	117	77	2	1262	1377	244	352	1.47e-07	56.6
Q01815	Q92953	22.093	172	107	5	901	1056	194	354	0.019	40.0
Q01815	Q4G0N8	25.781	128	87	3	1215	1341	607	727	1.68e-05	50.1
Q01815	Q4G0N8	24.265	136	92	4	115	249	602	727	0.006	41.6
Q01815	Q4G0N8	26.357	129	83	4	512	630	599	725	0.68	34.7
Q01815	Q4G0N8	21.212	132	87	3	889	1009	601	726	8.6	31.2
Q01815	P16389	27.586	174	107	5	534	696	200	365	2.49e-05	48.9
Q01815	Q9H3M0	24.084	191	119	5	557	740	223	394	1.42e-04	46.6
Q01815	Q9H3M0	25.000	172	109	5	1260	1429	231	384	2.09e-04	45.8
Q01815	Q9H3M0	23.944	142	88	4	933	1065	222	352	0.007	41.2
Q01815	Q8TDN2	24.227	194	133	4	1216	1405	264	447	2.07e-04	46.2
Q01815	Q8TDN2	21.799	289	175	10	520	779	263	529	0.28	35.8
Q01815	Q8TDN2	19.255	161	102	4	909	1044	269	426	1.5	33.5
Q01815	Q9P0L9	22.513	191	124	5	625	810	451	622	3.68e-04	45.4
Q01815	Q9P0L9	21.390	187	118	5	1246	1416	350	523	5.96e-04	44.7
Q01815	Q96RP8	35.165	91	51	2	606	696	267	349	5.21e-04	44.7
Q01815	P22001	30.435	138	80	5	567	696	306	435	7.05e-04	44.3
Q01815	Q16322	30.508	118	61	4	611	726	335	433	8.00e-04	44.3
Q01815	Q16322	26.400	125	68	4	944	1056	282	394	0.18	36.6
Q01815	P22459	25.564	133	81	4	546	666	367	493	0.001	43.9
Q01815	P22459	22.835	127	73	4	944	1056	382	497	0.14	37.0
Q01815	Q09470	34.568	81	45	2	616	696	291	363	0.001	43.9
Q01815	P17658	22.556	133	72	3	944	1056	274	395	0.001	43.5
Q01815	P17658	39.286	56	34	0	611	666	336	391	0.002	42.7
Q01815	P22460	28.696	115	67	2	567	666	335	449	0.002	43.1
Q01815	Q13563	24.490	147	93	3	625	771	571	699	0.002	43.1
Q01815	Q13563	23.137	255	146	9	1246	1485	471	690	0.56	35.0
Q01815	P56696	24.852	169	99	7	126	283	101	252	0.008	41.2
Q01815	Q96KK3	22.754	167	105	4	1270	1432	292	438	0.009	40.8
Q01815	Q96KK3	35.294	51	33	0	616	666	341	391	0.059	38.1
Q01815	Q96KK3	22.581	155	100	7	159	309	272	410	6.8	31.2
Q01815	Q96KK3	20.863	139	84	5	932	1057	271	396	8.7	31.2
Q01815	Q9BQ31	30.435	115	71	4	562	668	228	341	0.010	40.4
Q01815	Q9BQ31	20.741	135	87	4	932	1057	221	344	9.2	30.8
Q01815	Q9NSA2	21.154	260	165	9	475	720	143	376	0.017	40.0
Q01815	Q9NSA2	23.214	224	120	7	1261	1482	241	414	0.061	38.1
Q01815	O43526	22.816	206	129	9	91	283	58	246	0.021	39.7
Q01815	Q9UIX4	21.277	188	113	4	894	1057	221	397	0.024	39.3
Q01815	Q9UK17	23.664	131	86	2	1247	1377	222	338	0.028	39.3
Q01815	Q9UK17	22.840	162	104	5	560	720	230	371	0.038	38.9
Q01815	Q8TDN1	21.801	211	137	6	614	821	334	519	0.041	38.5
Q01815	Q8TDN1	21.164	189	114	5	901	1065	222	399	0.13	37.0
Q01815	Q9NZV8	26.364	110	79	2	560	668	233	341	0.043	38.5
Q01815	Q9NZV8	23.664	131	86	2	1247	1377	225	341	0.047	38.5
Q01815	Q9ULS6	32.000	75	49	1	600	672	276	350	0.11	37.4
Q01815	Q9ULS6	22.764	123	75	3	944	1057	238	349	0.19	36.2
Q01815	O95125	32.308	65	41	2	815	876	146	210	0.12	37.4
Q01815	Q9BSV6	26.214	103	69	4	761	860	82	180	0.13	36.6
Q01815	Q5TAH2	27.586	87	57	2	1254	1340	643	723	0.13	37.4
Q01815	Q5TAH2	25.439	114	77	3	157	270	638	743	1.6	33.5
Q01815	Q96KS0	29.091	110	64	5	1950	2050	4	108	0.18	36.2
Q01815	Q14003	23.282	262	154	11	505	721	268	527	0.19	36.6
Q01815	A8MU46	25.210	119	72	4	758	863	127	241	0.27	35.8
Q01815	A8MU46	28.972	107	66	4	760	856	88	194	6.8	31.2
Q01815	Q9NTG1	19.141	256	166	7	1224	1458	1973	2208	0.61	35.0
Q01815	Q03721	25.000	168	99	6	877	1037	231	378	0.67	34.7
Q01815	Q03721	37.736	53	33	0	616	668	346	398	7.5	31.2
Q01815	P08173	27.049	122	72	3	755	875	219	324	0.72	34.7
Q01815	Q8N715	26.214	103	65	3	1940	2034	124	223	1.7	33.5
Q01815	Q96PR1	25.749	167	101	6	616	777	347	495	1.8	33.5
Q01815	Q96PR1	23.810	168	99	6	877	1037	234	379	5.3	31.6
Q01815	Q6PII3	25.225	111	69	3	751	861	59	155	2.0	33.1
Q01815	P14317	29.474	95	55	5	765	854	258	345	2.5	32.7
Q01815	Q13477	28.378	74	49	1	788	861	205	274	2.7	32.3
Q01815	Q6IE37	37.500	56	31	1	1792	1847	34	85	3.2	32.7
Q01815	P48547	28.571	119	68	4	616	729	310	416	3.4	32.3
Q01815	P48547	23.841	151	91	4	877	1016	195	332	6.5	31.6
Q01815	O75618	28.261	92	52	4	1779	1863	136	220	4.1	32.0
Q01815	Q9NZM6	22.857	245	159	9	625	869	381	595	5.3	31.6
Q01815	P35070	33.333	54	34	2	469	521	34	86	5.8	30.8
Q01815	Q96NA2	34.940	83	41	5	804	877	323	401	8.9	30.8
Q01815	P49916	28.571	63	45	0	1477	1539	521	583	9.5	31.2
Q9D103	Q01628	67.961	103	32	1	1	102	22	124	4.21e-46	144
Q9D103	Q01629	65.049	103	35	1	1	102	21	123	1.45e-44	140
Q9D103	P13164	65.049	103	35	1	1	102	1	103	2.23e-43	137
Q9D103	C9JQL5	67.816	87	27	1	1	86	22	108	8.82e-38	123
Q9D103	A6NNB3	45.882	85	43	1	2	86	6	87	2.83e-24	89.4
Q9D103	A6NMD0	47.826	69	33	1	34	102	152	217	4.06e-17	72.8
Q9D103	Q7Z6L0	31.944	72	45	2	34	105	267	334	2.41e-04	38.5
Q9D103	A0A1B0GWB2	34.211	76	43	3	34	105	188	260	0.003	35.0
Q9D103	Q14766	23.810	84	58	2	13	96	867	944	0.74	28.5
Q9D103	P09848	26.154	65	35	1	2	66	1862	1913	3.1	26.6
Q9D103	B4DJY2	23.256	86	63	1	2	87	6	88	3.7	25.8
Q9D103	Q9NZK5	48.387	31	13	2	28	57	193	221	5.2	25.8
Q9ESJ7	Q5VVH5	82.308	260	45	1	1	259	1	260	8.31e-158	438
Q9ESJ7	Q9UHL0	30.556	72	43	4	165	231	308	377	1.1	30.4
Q9ESJ7	Q03001	25.000	96	70	2	15	109	4967	5061	1.8	30.0
Q9ESJ7	Q8N1W1	29.268	82	45	3	22	102	728	797	1.9	29.6
Q9ESJ7	Q96EV2	44.828	29	15	1	156	183	422	450	2.1	29.6
Q9ESJ7	P25791	30.233	43	30	0	156	198	24	66	2.4	28.5
Q9ESJ7	P57058	29.268	41	24	1	93	128	103	143	3.0	28.9
Q9JMH3	Q9Y3R4	68.966	377	116	1	1	376	1	377	0.0	548
Q9JMH3	Q9UQ49	40.051	392	185	9	20	370	24	406	8.81e-87	268
Q9JMH3	Q8WWR8	41.734	369	198	9	14	374	17	376	2.03e-74	238
Q9JMH3	Q8WWR8	42.308	104	57	1	275	375	361	464	5.41e-21	94.0
Q9JMH3	Q99519	29.144	374	194	23	17	362	74	404	5.14e-14	72.8
Q9JMH3	Q5T5Y3	27.586	58	35	2	169	221	453	508	2.7	30.0
Q9JMH3	Q6PI48	44.000	25	14	0	279	303	501	525	7.3	28.5
Q9JMH3	O60909	39.583	48	27	2	267	312	136	183	7.3	28.5
Q78IQ7	Q6P5W5	71.184	642	161	5	24	660	25	647	0.0	791
Q78IQ7	Q504Y0	33.130	655	367	19	46	658	64	689	3.01e-89	292
Q78IQ7	Q15043	28.968	504	262	15	199	658	38	489	5.76e-52	186
Q78IQ7	Q9C0K1	29.048	420	221	9	280	658	74	457	1.19e-44	165
Q78IQ7	Q9ULF5	49.686	159	73	2	509	660	669	827	2.25e-42	164
Q78IQ7	Q9ULF5	23.350	197	119	4	280	450	337	527	2.43e-05	47.4
Q78IQ7	Q13433	46.784	171	81	4	500	660	581	751	1.31e-40	158
Q78IQ7	Q13433	21.978	182	121	4	280	441	264	444	3.25e-06	50.1
Q78IQ7	Q92504	31.804	327	194	8	327	630	125	445	4.94e-33	132
Q78IQ7	Q6ZMH5	31.694	366	217	9	280	630	158	505	5.02e-26	112
Q78IQ7	Q96H72	28.686	373	206	13	308	656	35	371	3.82e-23	101
Q78IQ7	Q8N1S5	31.624	117	72	2	512	620	196	312	3.34e-05	46.2
Q78IQ7	Q9NUM3	33.621	116	68	4	514	620	149	264	5.23e-05	45.4
Q78IQ7	Q9NP94	34.862	109	63	3	518	620	173	279	0.087	35.4
Q78IQ7	P0DPE8	31.034	58	38	1	394	449	24	81	0.26	32.7
Q78IQ7	A8MWV9	31.034	58	38	1	394	449	24	81	0.26	32.7
Q78IQ7	Q9Y371	30.556	72	43	1	36	107	31	95	0.50	33.1
Q78IQ7	Q14833	28.409	88	52	2	298	374	694	781	1.2	32.0
Q78IQ7	Q8TDX9	30.667	75	51	1	317	390	2593	2667	5.4	30.0
Q78IQ7	O95714	26.966	89	61	2	78	166	749	833	6.3	30.0
Q78IQ7	Q13530	26.718	131	78	6	341	459	9	133	8.2	29.3
Q78IQ7	Q9NSC5	39.216	51	29	1	124	172	212	262	8.9	28.9
Q78IQ7	Q5J8M3	46.429	28	15	0	116	143	155	182	9.8	28.5
Q9D067	Q8TC05	69.444	720	200	13	1	707	1	713	0.0	936
Q9D067	O75116	35.417	48	31	0	317	364	513	560	2.3	31.6
Q9D067	Q15916	32.000	50	32	1	242	289	89	138	3.2	30.8
Q9D067	Q12860	28.333	60	41	1	147	206	510	567	3.3	30.8
Q9D067	Q96MT4	37.778	45	23	2	216	259	7	47	3.7	29.3
Q9D067	Q7Z407	40.000	40	23	1	613	651	2855	2894	4.3	30.4
